$ 1 0.000009999999999999999 3.5993318835628396 50 20 43
v -272 48 -272 -16 0 1 12500.000000000002 3 2 0 0.5
r -48 0 16 0 0 100000
c -112 0 -48 0 0 1.0000000000000001e-7 -8.997749893082181
c -112 32 -48 32 0 1.0000000000000001e-7 -11.001074489853764
r 16 32 -48 32 0 100000
r -112 0 -112 -64 0 100000
g -112 -64 -112 -80 0
r -112 32 -112 96 0 100000
g -112 96 -112 112 0
w -160 0 -112 0 0
w -160 32 -112 32 0
a 48 16 144 16 8 20 0 1000000 10.45477061262657 10.454884263327793 100000
r 48 0 48 -64 0 100000
r 48 32 48 96 0 100000
w -272 -16 -224 0 0
w -272 48 -224 32 0
w 48 -64 144 -64 0
w 144 -64 144 16 0
R 16 96 -16 96 0 0 40 10 0 0 0.5
s -224 0 -160 0 0 0 false
s -224 32 -160 32 0 0 false
s -224 256 -160 256 0 0 false
s -224 224 -160 224 0 0 false
R 48 320 16 320 0 0 40 10 0 0 0.5
w 144 160 144 240 0
w 48 160 144 160 0
w -272 272 -224 256 0
w -272 208 -224 224 0
r 48 256 48 320 0 100000
r 48 224 48 160 0 100000
a 48 240 144 240 8 20 0 1000000 9.837611195044676 9.837704897506656 100000
w -160 256 -112 256 0
w -160 224 -112 224 0
g -112 320 -112 336 0
r -112 256 -112 320 0 100000
g -112 160 -112 144 0
r -112 224 -112 160 0 100000
r 16 256 -48 256 0 100000
c -112 256 -48 256 0 1.0000000000000001e-7 -10.698984685467144
c -112 224 -48 224 0 1.0000000000000001e-7 -9.586471196197
r -48 224 16 224 0 100000
v -272 272 -272 208 0 1 50 3 2 0 0.5
174 272 16 304 96 1 100000 0.005 Resistance
174 272 240 304 336 1 100000 0.9950000000000001 Resistance
R 272 112 240 112 0 0 40 10 0 0 0.5
R 272 336 240 336 0 0 40 10 0 0 0.5
a 368 304 464 304 8 20 0 1000000 9.999925405397864 10 100000
r 304 64 368 64 0 15000
r 304 288 368 288 0 15000
R 368 320 336 320 0 0 40 10 0 0 0.5
w 368 64 368 208 0
w 368 208 368 288 0
w 464 208 368 208 0
c 144 16 208 16 0 0.0000047 9.246240029582808
c 144 240 208 240 0 0.0000047 10.868982106071218
R 464 432 432 432 0 0 40 10 0 0 0.5
r 464 208 464 304 0 30000
174 464 304 512 416 1 4700 0.005 Resistance
w 512 432 464 432 0
c 512 368 592 368 0 0.00009999999999999999 10.004108868227252
r 672 368 672 432 0 600
g 672 432 672 464 0
r 592 368 592 432 0 10000
g 592 432 592 464 0
w 592 368 672 368 0
w 16 224 48 224 0
w 16 256 48 256 0
w 16 0 48 0 0
w 16 32 48 32 0
w 48 96 16 96 0
w 1024 368 1104 368 0
g 1024 432 1024 464 0
r 1024 368 1024 432 0 10000
g 1104 432 1104 464 0
r 1104 368 1104 432 0 600
c 944 368 1024 368 0 0.00009999999999999999 10.004108868187869
w 944 432 896 432 0
174 896 304 944 416 1 4700 0.005 Resistance
r 896 208 896 304 0 30000
R 896 432 864 432 0 0 40 10 0 0 0.5
w 896 208 800 208 0
a 800 304 896 304 8 20 0 1000000 9.999925405397864 10 100000
w 800 288 800 208 0
R 800 320 768 320 0 0 40 10 0 0 0.5
w 304 64 304 32 0
w 304 32 592 32 0
w 304 288 304 544 0
w 304 544 720 544 0
w 720 544 720 208 0
r 720 208 800 208 0 15000
r 720 32 800 32 0 15000
w 800 32 800 208 0
w 592 32 720 32 0
c 208 16 272 16 0 0.0000047 -9.245270709647762
c 208 240 272 240 0 0.0000047 -10.911109982679246
r 208 16 208 80 0 1000000
r 208 240 208 304 0 1000000
g 208 304 208 320 0
g 208 80 208 96 0
o 0 64 0 4099 10 0.00009765625 0 2 0 3
o 41 64 0 4099 5 0.00009765625 1 2 41 3
o 60 64 0 4099 10 0.025 2 2 60 3
