$ 1 0.000009999999999999999 5.934295036739208 50 20 43
v -192 48 -192 -16 0 1 40000 3 2 0 0.5
r 32 0 96 0 0 100000
c -32 0 32 0 0 1.0000000000000001e-7 -9.999900001008303
c -32 32 32 32 0 1.0000000000000001e-7 -10.000000000007454
r 96 32 32 32 0 100000
r -32 0 -32 -64 0 100000
g -32 -64 -32 -80 0
r -32 32 -32 96 0 100000
g -32 96 -32 112 0
w -80 0 -32 0 0
w -80 32 -32 32 0
a 128 16 224 16 8 20 0 1000000 9.9999000010029 10.00000000000291 100000
r 128 0 128 -64 0 100000
r 128 32 128 96 0 100000
w -192 -16 -144 0 0
w -192 48 -144 32 0
w 128 -64 224 -64 0
w 224 -64 224 16 0
R 96 96 64 96 0 0 40 10 0 0 0.5
s -144 0 -80 0 0 0 false
s -144 32 -80 32 0 1 false
s -144 256 -80 256 0 0 false
s -144 224 -80 224 0 0 false
R 128 320 96 320 0 0 40 10 0 0 0.5
w 224 160 224 240 0
w 128 160 224 160 0
w -192 272 -144 256 0
w -192 208 -144 224 0
r 128 256 128 320 0 100000
r 128 224 128 160 0 100000
a 128 240 224 240 8 20 0 1000000 9.625208280881195 9.625298271616932 100000
w -80 256 -32 256 0
w -80 224 -32 224 0
g -32 320 -32 336 0
r -32 256 -32 320 0 100000
g -32 160 -32 144 0
r -32 224 -32 160 0 100000
r 96 256 32 256 0 100000
c -32 256 32 256 0 1.0000000000000001e-7 -11.237685466781958
c -32 224 32 224 0 1.0000000000000001e-7 -8.515687042643126
r 32 224 96 224 0 100000
v -192 272 -192 208 0 1 60 3 2 0 0.5
174 288 16 320 96 1 100000 0.9950000000000001 Resistance
174 288 240 320 336 1 100000 0.005 Resistance
R 288 112 256 112 0 0 40 10 0 0 0.5
R 288 336 256 336 0 0 40 10 0 0 0.5
a 384 304 480 304 8 20 0 1000000 9.999906155435054 10 100000
r 320 64 384 64 0 15000
r 320 288 384 288 0 15000
R 384 320 352 320 0 0 40 10 0 0 0.5
w 384 64 384 208 0
w 384 208 384 288 0
w 480 208 384 208 0
c 224 16 288 16 0 6.800000000000001e-7 -0.00009363395784767192
c 224 240 288 240 0 6.800000000000001e-7 -1.3305240008928134
R 480 432 448 432 0 0 40 10 0 0 0.5
r 480 208 480 304 0 30000
174 480 304 528 416 1 4700 0.005 Resistance
w 528 432 480 432 0
c 528 368 608 368 0 0.00009999999999999999 10.211064052300497
r 688 368 688 432 0 600
g 688 432 688 464 0
r 608 368 608 432 0 10000
g 608 432 608 464 0
w 608 368 688 368 0
c -336 128 -336 192 0 1e-12 -0.16337410381374384
w 96 224 128 224 0
w 96 256 128 256 0
w 96 0 128 0 0
w 96 32 128 32 0
w 128 96 96 96 0
w 1040 368 1120 368 0
g 1040 432 1040 464 0
r 1040 368 1040 432 0 10000
g 1120 432 1120 464 0
r 1120 368 1120 432 0 600
c 960 368 1040 368 0 0.00009999999999999999 10.211064052242847
w 960 432 912 432 0
174 912 304 960 416 1 4700 0.005 Resistance
r 912 208 912 304 0 30000
R 912 432 880 432 0 0 40 10 0 0 0.5
w 912 208 816 208 0
a 816 304 912 304 8 20 0 1000000 9.999906155435056 10 100000
w 816 288 816 208 0
R 816 320 784 320 0 0 40 10 0 0 0.5
w 320 64 320 32 0
w 320 32 608 32 0
w 320 288 320 544 0
w 320 544 736 544 0
w 736 544 736 208 0
r 736 208 816 208 0 15000
r 736 32 816 32 0 15000
w 816 32 816 208 0
w 608 32 736 32 0
o 0 64 0 4099 10 0.00009765625 0 2 0 3
o 41 64 0 4099 5 0.00009765625 1 2 41 3
o 60 64 0 4099 10 0.025 2 2 60 3
