$ 1 0.000005 10.20027730826997 50 5 43
v -160 48 -160 -16 0 1 200 3 2 0 0.5
r 64 0 128 0 0 100000
c 0 0 64 0 0 1.0000000000000001e-7 -8.8468446699023
c 0 32 64 32 0 1.0000000000000001e-7 -11.076144178977952
r 128 32 64 32 0 100000
r 0 0 0 -64 0 100000
g 0 -64 0 -80 0
r 0 32 0 96 0 100000
g 0 96 0 112 0
w -48 0 0 0 0
w -48 32 0 32 0
a 128 16 224 16 8 20 0 1000000 9.718853833933156 9.71894578598321 100000
r 128 0 128 -64 0 100000
r 128 32 128 96 0 100000
w -160 -16 -112 0 0
w -160 48 -112 32 0
w 128 -64 224 -64 0
w 224 -64 224 16 0
R 128 96 96 96 0 0 40 10 0 0 0.5
s -112 0 -48 0 0 0 false
s -112 32 -48 32 0 0 false
s -112 256 -48 256 0 0 false
s -112 224 -48 224 0 0 false
R 128 320 96 320 0 0 40 10 0 0 0.5
w 224 160 224 240 0
w 128 160 224 160 0
w -160 272 -112 256 0
w -160 208 -112 224 0
r 128 256 128 320 0 100000
r 128 224 128 160 0 100000
a 128 240 224 240 8 20 0 1000000 9.500708771450766 9.500793249963424 100000
w -48 256 0 256 0
w -48 224 0 224 0
g 0 320 0 336 0
r 0 256 0 320 0 100000
g 0 160 0 144 0
r 0 224 0 160 0 100000
r 128 256 64 256 0 100000
c 0 256 64 256 0 1.0000000000000001e-7 -10.886225305521233
c 0 224 64 224 0 1.0000000000000001e-7 -9.222578227044284
r 64 224 128 224 0 100000
v -160 272 -160 208 0 1 120 3 2 0 0.5
174 288 16 320 96 1 100000 0.005 Resistance
174 288 240 320 336 1 100000 0.005 Resistance
R 288 112 256 112 0 0 40 10 0 0 0.5
R 288 336 256 336 0 0 40 10 0 0 0.5
a 384 304 480 304 8 20 0 1000000 9.999884820579114 10 100000
r 320 64 384 64 0 15000
r 320 288 384 288 0 15000
R 384 320 352 320 0 0 40 10 0 0 0.5
w 384 64 384 208 0
w 384 208 384 288 0
w 480 208 384 208 0
c 224 16 288 16 0 0.00001 -0.01697412407212262
c 224 240 288 240 0 0.00001 0.024693319943450476
R 480 432 448 432 0 0 40 10 0 0 0.5
r 480 208 480 304 0 10000
a 608 384 704 384 9 15 -15 1000000 11.461749994238847 11.461867118729897 100000
174 480 304 528 416 1 100000 0.005 Resistance
r 528 368 528 432 0 15000
w 528 432 480 432 0
w 528 368 608 368 0
w 608 400 608 448 0
w 608 448 704 448 0
r 704 384 784 384 0 100
w 784 384 784 448 0
w 784 448 704 448 0
c 784 384 864 384 0 0.00001 9.9575553294703
r 864 384 864 448 0 600
g 864 448 864 480 0
o 0 64 0 4099 10 0.00009765625 0 2 0 3
o 41 64 0 4099 5 0.00009765625 1 2 41 3
o 68 64 0 4099 5 0.0125 2 2 68 3
