$ 1 0.000005 10.20027730826997 50 5 43
v -160 48 -160 -16 0 1 200 3 2 0 0.5
r 64 0 128 0 0 100000
c 0 0 64 0 0 1.0000000000000001e-7 -8.881115008755401
c 0 32 64 32 0 1.0000000000000001e-7 -11.058371105438198
r 128 32 64 32 0 100000
r 0 0 0 -64 0 100000
g 0 -64 0 -80 0
r 0 32 0 96 0 100000
g 0 96 0 112 0
w -48 0 0 0 0
w -48 32 0 32 0
a 128 16 224 16 8 20 0 1000000 9.324252839247324 9.324332870602401 100000
r 128 0 128 -64 0 100000
r 128 32 128 96 0 100000
w -160 -16 -112 0 0
w -160 48 -112 32 0
w 128 -64 224 -64 0
w 224 -64 224 16 0
R 128 96 96 96 0 0 40 10 0 0 0.5
s -112 0 -48 0 0 0 false
s -112 32 -48 32 0 0 false
s -112 256 -48 256 0 0 false
s -112 224 -48 224 0 0 false
R 128 320 96 320 0 0 40 10 0 0 0.5
w 224 160 224 240 0
w 128 160 224 160 0
w -160 272 -112 256 0
w -160 208 -112 224 0
r 128 256 128 320 0 100000
r 128 224 128 160 0 100000
a 128 240 224 240 8 20 0 1000000 10.973959904038614 10.974089208332233 100000
w -48 256 0 256 0
w -48 224 0 224 0
g 0 320 0 336 0
r 0 256 0 320 0 100000
g 0 160 0 144 0
r 0 224 0 160 0 100000
r 128 256 64 256 0 100000
c 0 256 64 256 0 1.0000000000000001e-7 -11.025251974436845
c 0 224 64 224 0 1.0000000000000001e-7 -8.958036638875198
r 64 224 128 224 0 100000
v -160 272 -160 208 0 1 120 3 2 0 0.5
174 288 16 320 96 1 100000 0.005 Resistance
174 288 240 320 336 1 100000 0.005 Resistance
R 288 112 256 112 0 0 40 10 0 0 0.5
R 288 336 256 336 0 0 40 10 0 0 0.5
a 384 304 480 304 8 20 0 1000000 9.999910582971987 10 100000
r 320 64 384 64 0 15000
r 320 288 384 288 0 15000
R 384 320 352 320 0 0 40 10 0 0 0.5
w 384 64 384 208 0
w 384 208 384 288 0
174 480 208 512 288 1 100000 0.1733 Resistance
r 576 256 512 256 0 10000
w 480 208 384 208 0
c 480 304 576 304 0 0.00001 10.32294158587475
r 576 304 576 400 0 600
g 576 400 576 416 0
w 512 256 480 304 0
c 224 16 288 16 0 0.00001 -0.012901251024100446
c 224 240 288 240 0 0.00001 -0.004420795350524642
174 752 0 624 48 1 1000 0.005 Resistance
R 624 0 592 0 0 0 40 10 0 0 0.5
g 752 0 768 0 0
g 688 112 688 128 0
r 688 48 688 112 0 100000
o 0 64 0 4099 10 0.00009765625 0 2 0 3
o 41 64 0 4099 5 0.00009765625 1 2 41 3
o 56 64 0 4098 20 0.05 2 2 56 3
o 64 64 0 4099 0.0000762939453125 0.00009765625 3 2 64 3
o 65 64 0 4098 0.625 0.1 4 2 65 3
